OchrannePasmoV4/mezidata/rasterAkumulace.txt
ncols         51
nrows         36
xllcorner     -475650.97663479
yllcorner     -1134520.3457931
cellsize      200
NODATA_value  -9999
-10000 -10000 -10000 -10000 -10000 -10000 -10000 -10000 -10000 -10000 -10000 -10000 -10000 -10000 -10000 -10000 -10000 -10000 
-10000 -352 -355 -358 -335 -351 -246 -222 -213 -207 -178 -149 -140 -133 -138 -157 -183 -10000 
-10000 -318 -316 -323 -310 -315 -325 -227 -227 -212 -205 -164 -139 -133 -127 -133 -168 -10000 
-10000 -310 -302 -292 -286 -293 -305 -310 -247 -221 -193 -168 -140 -119 -114 -113 -145 -10000 
-10000 -320 -315 -294 -275 -270 -289 -288 -303 -225 -200 -197 -169 -112 -95 -91 -116 -10000 
-10000 -315 -294 -298 -283 -251 -271 -266 -257 -276 -232 -214 -157 -130 -66 -52 -90 -10000 
-10000 -335 -311 -300 -276 -263 -222 -222 -215 -295 -378 -264 -203 -104 -101 0 -51 -10000 
-10000 -308 -321 -298 -293 -271 -245 -144 -130 -251 -294 -291 -243 -139 0 0 -55 -10000 
-10000 -285 -336 -294 -293 -273 -230 -148 0 -91 -194 -220 -144 -86 0 -84 -93 -10000 
-10000 -262 -301 -330 -255 -239 -212 -126 0 0 -99 -114 -84 0 0 -126 -207 -10000 
-10000 -268 -236 -269 -283 -157 -140 -99 -101 0 0 0 0 0 -93 -182 -289 -10000 
-10000 -212 -223 -147 -162 -125 0 0 0 -87 -35 -22 -30 -100 -178 -286 -344 -10000 
-10000 -159 -201 -123 0 0 0 -60 -84 -171 -168 -137 -147 -208 -268 -305 -400 -10000 
-10000 -161 -99 -99 0 -95 -106 -166 -242 -229 -288 -263 -261 -306 -339 -356 -394 -10000 
-10000 -94 -92 0 0 -54 -137 -229 -289 -301 -295 -312 -308 -342 -374 -381 -404 -10000 
-10000 -71 0 0 -64 -111 -202 -292 -352 -357 -365 -366 -383 -400 -411 -427 -424 -10000 
-10000 0 0 -70 -88 -195 -222 -297 -349 -386 -388 -397 -411 -433 -434 -438 -450 -10000 
-10000 -91 -85 -85 -165 -188 -250 -263 -277 -300 -323 -349 -386 -413 -443 -462 -467 -10000 
-10000 -149 -148 -148 -147 -200 -218 -246 -264 -279 -297 -321 -346 -368 -397 -405 -413 -10000 
-10000 -189 -187 -185 -179 -172 -195 -219 -236 -246 -261 -273 -284 -306 -327 -343 -368 -10000 
-10000 -200 -196 -195 -190 -185 -186 -206 -229 -248 -264 -271 -278 -294 -306 -330 -356 -10000 
-10000 -203 -200 -203 -200 -199 -193 -192 -200 -207 -221 -237 -251 -280 -303 -330 -363 -10000 
-10000 -223 -224 -236 -232 -220 -210 -207 -207 -215 -221 -234 -247 -265 -297 -339 -389 -10000 
-10000 -244 -235 -252 -245 -230 -227 -225 -223 -224 -234 -251 -271 -284 -294 -312 -352 -10000 
-10000 -241 -257 -265 -255 -237 -237 -235 -234 -240 -243 -275 -309 -330 -350 -352 -346 -10000 
-10000 -10000 -10000 -10000 -10000 -10000 -10000 -10000 -10000 -10000 -10000 -10000 -10000 -10000 -10000 -10000 -10000 -10000 
