OchrannePasmoV4/mezidata/rasterSnizeni.txt
ncols         51
nrows         36
xllcorner     -475650.97663479
yllcorner     -1134520.3457931
cellsize      200
NODATA_value  -9999
0.0 0.0 0.0 0.0 0.0 0.0 0.0 0.0 0.0 0.0 0.0 0.0 0.0 0.0 0.0 0.0 0.0 0.0 
0.0 -36.359649658203125 -39.630615234375 -48.861175537109375 -25.505035400390625 -36.8643798828125 -24.76641845703125 -9.118743896484375 -6.73541259765625 -29.1510009765625 -14.935699462890625 -10.365631103515625 -7.952667236328125 -6.0181884765625 -11.7325439453125 -24.121307373046875 -26.600616455078125 0.0 
0.0 -16.760528564453125 -24.108856201171875 -37.772918701171875 -24.7467041015625 -22.765411376953125 -20.58538818359375 -14.4783935546875 -20.704254150390625 -34.781402587890625 -41.5703125 -24.487457275390625 -20.4581298828125 -19.4456787109375 -14.397369384765625 -20.9674072265625 -35.2823486328125 0.0 
0.0 -8.8848876953125 -10.91888427734375 -17.3116455078125 -16.418243408203125 -23.8931884765625 -17.334197998046875 -22.770965576171875 -35.17950439453125 -28.98046875 -29.626617431640625 -28.258026123046875 -28.4764404296875 -24.8956298828125 -23.800689697265625 -22.90399169921875 -32.530029296875 0.0 
0.0 -26.4188232421875 -23.051910400390625 -19.2891845703125 -24.737823486328125 -19.086517333984375 -23.8214111328125 -31.697662353515625 -46.448089599609375 -32.7630615234375 -32.662139892578125 -57.774017333984375 -57.700103759765625 -46.60784912109375 -43.130126953125 -39.903961181640625 -26.033843994140625 0.0 
0.0 -21.65472412109375 -0.116455078125 -23.878692626953125 -32.0064697265625 -29.3983154296875 -49.2421875 -51.255401611328125 -42.219696044921875 -19.211151123046875 -35.95159912109375 -57.847564697265625 -53.4940185546875 -64.67669677734375 -66.18148803710938 -52.61724853515625 -38.241973876953125 0.0 
0.0 -14.667572021484375 -13.9608154296875 -24.111968994140625 -25.486083984375 -41.978546142578125 -78.05874633789062 -92.23147583007812 -85.54791259765625 -80.19625854492188 -83.90875244140625 -107.7010498046875 -99.63275146484375 -104.48046875 -101.19427490234375 -75.99530029296875 -51.592803955078125 0.0 
0.0 -23.896209716796875 -27.077362060546875 -22.94464111328125 -30.792388916015625 -49.891937255859375 -101.38601684570312 -144.7655029296875 -130.1158447265625 -121.347412109375 -100.564697265625 -147.885986328125 -157.62066650390625 -139.2215576171875 -137.823486328125 -95.60333251953125 -55.82305908203125 0.0 
0.0 -23.73406982421875 -42.44818115234375 -39.821319580078125 -54.3570556640625 -61.56365966796875 -104.0460205078125 -148.91314697265625 -120.7838134765625 -91.1038818359375 -103.69873046875 -136.75677490234375 -144.57720947265625 -86.58428955078125 -84.7607421875 -84.8524169921875 -93.76666259765625 0.0 
0.0 -26.508514404296875 -65.53427124023438 -75.09747314453125 -98.55636596679688 -99.50323486328125 -113.68145751953125 -126.233642578125 -97.3939208984375 -63.82183837890625 -99.65850830078125 -114.638916015625 -84.87091064453125 0.0 -18.51275634765625 -126.09625244140625 -123.1318359375 0.0 
0.0 -45.614715576171875 -89.54306030273438 -122.30886840820312 -158.222412109375 -157.44830322265625 -140.1300048828125 -99.2513427734375 -101.28924560546875 -34.69732666015625 0.0 -20.82977294921875 -34.81060791015625 -34.05889892578125 -93.4747314453125 -182.02734375 -163.7340087890625 0.0 
0.0 -53.726593017578125 -100.009033203125 -147.1029052734375 -162.92694091796875 -125.8006591796875 -93.1571044921875 -38.83135986328125 -96.4288330078125 -87.21856689453125 -35.6524658203125 -22.706298828125 -30.75775146484375 -100.2445068359375 -178.2451171875 -193.1094970703125 -162.27142333984375 0.0 
0.0 -60.717987060546875 -102.72610473632812 -123.52197265625 -97.78753662109375 -39.61712646484375 0.0 -60.1207275390625 -84.7032470703125 -171.780029296875 -146.50164794921875 -115.6156005859375 -125.6241455078125 -178.65966796875 -168.762451171875 -127.98675537109375 -114.68179321289062 0.0 
0.0 -69.18222045898438 -99.31100463867188 -99.6173095703125 -86.00689697265625 -95.4669189453125 -106.92596435546875 -166.8681640625 -182.9952392578125 -145.08172607421875 -151.118896484375 -126.00146484375 -124.2288818359375 -159.66192626953125 -131.58349609375 -88.96926879882812 -89.58926391601562 0.0 
0.0 -94.01071166992188 -92.43743896484375 -92.01226806640625 -47.22747802734375 -54.66851806640625 -83.52105712890625 -123.9688720703125 -123.96783447265625 -72.98046875 -66.709228515625 -51.4027099609375 -47.51666259765625 -81.7158203125 -68.5582275390625 -42.501312255859375 -48.68524169921875 0.0 
0.0 -71.19332885742188 -61.31005859375 -71.96722412109375 -64.07574462890625 -111.917724609375 -148.64947509765625 -155.82492065429688 -123.09246826171875 -68.56594848632812 -70.5372314453125 -71.41171264648438 -75.33160400390625 -92.23507690429688 -69.661376953125 -53.850860595703125 -43.318695068359375 0.0 
0.0 -71.81338500976562 -74.8779296875 -70.05517578125 -88.218505859375 -131.0654296875 -111.90579223632812 -95.158935546875 -57.582366943359375 -37.69439697265625 -31.196319580078125 -32.233489990234375 -45.89617919921875 -50.8983154296875 -34.90802001953125 -27.25665283203125 -26.97271728515625 0.0 
0.0 -91.8831787109375 -85.22579956054688 -85.48526000976562 -95.93353271484375 -100.70181274414062 -62.52191162109375 -41.518341064453125 -14.669525146484375 -23.87957763671875 -23.586761474609375 -26.128631591796875 -37.1551513671875 -27.382720947265625 -30.7977294921875 -28.45806884765625 -29.360137939453125 0.0 
0.0 -64.02752685546875 -63.583465576171875 -63.89276123046875 -62.96368408203125 -53.548492431640625 -30.410186767578125 -28.3265380859375 -18.438140869140625 -15.184356689453125 -18.673980712890625 -24.45068359375 -25.427276611328125 -22.499237060546875 -29.86279296875 -8.864105224609375 -8.491729736328125 0.0 
0.0 -41.934478759765625 -39.423583984375 -38.049835205078125 -32.077239990234375 -25.17620849609375 -23.46759033203125 -24.572784423828125 -17.182464599609375 -10.90118408203125 -15.7120361328125 -12.049041748046875 -11.51947021484375 -22.586944580078125 -21.531494140625 -16.053375244140625 -25.240875244140625 0.0 
0.0 -13.4617919921875 -11.450836181640625 -16.57342529296875 -18.882781982421875 -13.4183349609375 -14.457763671875 -20.84661865234375 -23.99310302734375 -19.980316162109375 -18.364776611328125 -10.552947998046875 -7.772674560546875 -16.89501953125 -12.105224609375 -24.08966064453125 -26.21807861328125 0.0 
0.0 -7.202362060546875 -5.4656982421875 -13.959075927734375 -15.5374755859375 -14.118499755859375 -8.864410400390625 -6.1588134765625 -8.531463623046875 -7.525787353515625 -14.42913818359375 -16.8121337890625 -14.79876708984375 -29.36029052734375 -23.02728271484375 -27.68682861328125 -33.18011474609375 0.0 
0.0 -23.813873291015625 -24.55072021484375 -36.829559326171875 -33.36480712890625 -27.530487060546875 -18.534881591796875 -15.722412109375 -15.699005126953125 -15.448486328125 -14.97998046875 -13.8690185546875 -13.2650146484375 -18.161285400390625 -32.1717529296875 -42.344268798828125 -59.751434326171875 0.0 
0.0 -21.314117431640625 -12.328369140625 -28.42034912109375 -25.684722900390625 -20.023956298828125 -20.62060546875 -18.489532470703125 -16.440460205078125 -17.235992431640625 -19.4898681640625 -30.340972900390625 -37.1529541015625 -37.091064453125 -29.561767578125 -18.680328369140625 -40.205474853515625 0.0 
0.0 -6.82781982421875 -22.105377197265625 -30.52105712890625 -25.1611328125 -10.4000244140625 -12.91351318359375 -12.73712158203125 -11.6531982421875 -17.32275390625 -19.424530029296875 -41.692230224609375 -58.197540283203125 -59.3719482421875 -66.75411987304688 -58.711151123046875 -34.653961181640625 0.0 
0.0 0.0 0.0 0.0 0.0 0.0 0.0 0.0 0.0 0.0 0.0 0.0 0.0 0.0 0.0 0.0 0.0 0.0 
